java Neural 100 0.1 0.2 0.3 0.4 0.5 0.6 0.7 0.8 0.9 1 -1
0.00000 0.00000 0.30000 0.30000 0.97000 0.72512
java Neural 100 1 0.9 0.8 0.7 0.6 0.5 0.4 0.3 0.2 -0.2 1.7
2.18000 2.18000 1.43000 1.43000 1.34000 0.79249
java Neural 100 4 3 2 1 0 -1 -2 -3 -4 -4 1
-6.00000 0.00000 0.00000 0.00000 -2.00000 0.11920
java Neural 200 0.1 0.2 0.3 0.4 0.5 0.6 0.7 0.8 0.9 1 -1 1
0.03778 -0.27488 -0.05479
java Neural 200 1 0.9 0.8 0.7 0.6 0.5 0.4 0.3 0.2 -0.2 1.7 0
0.31402 0.79249 0.13032
java Neural 200 4 3 2 1 0 -1 -2 -3 -4 -4 1 0
0.00710 0.11920 0.01252
java Neural 300 0.1 0.2 0.3 0.4 0.5 0.6 0.7 0.8 0.9 1 -1 1
-0.04383 -0.04383 -0.04931 -0.04931
java Neural 300 1 0.9 0.8 0.7 0.6 0.5 0.4 0.3 0.2 -0.2 1.7 0
0.03910 0.03910 0.02606 0.02606
java Neural 300 4 3 2 1 0 -1 -2 -3 -4 -4 1 0
-0.03755 0.00000 -0.05006 -0.05006
java Neural 400 0.1 0.2 0.3 0.4 0.5 0.6 0.7 0.8 0.9 1 -1 1
-0.04383 -0.04383 0.04383 -0.04931 -0.04931 0.04931 -0.05479 -0.00000 -0.01644
java Neural 400 1 0.9 0.8 0.7 0.6 0.5 0.4 0.3 0.2 -0.2 1.7 0
0.03910 -0.00782 0.06647 0.02606 -0.00521 0.04431 0.13032 0.28411 0.18636
java Neural 400 4 3 2 1 0 -1 -2 -3 -4 -4 1 0
0.00000 -0.00000 0.00000 -0.05006 0.20025 -0.05006 0.01252 0.00000 0.00000
java Neural 500 0.1 0.2 0.3 0.4 0.5 0.6 0.7 0.8 0.9 1 -1 1 0.1
0.10000 0.20000 0.30000 0.40000 0.50000 0.60000 0.70000 0.80000 0.90000
0.03778
0.10438 0.20438 0.29562 0.40493 0.50493 0.59507 0.70548 0.80000 0.90164
0.03617
java Neural 500 1 0.9 0.8 0.7 0.6 0.5 0.4 0.3 0.2 -0.2 1.7 0 0.1
1.00000 0.90000 0.80000 0.70000 0.60000 0.50000 0.40000 0.30000 0.20000
0.31402
0.99609 0.90078 0.79335 0.69739 0.60052 0.49557 0.38697 0.27159 0.18136
0.29972
java Neural 500 4 3 2 1 0 -1 -2 -3 -4 -4 1 0 0.1
4.00000 3.00000 2.00000 1.00000 0.00000 -1.00000 -2.00000 -3.00000 -4.00000
0.00710
4.00000 3.00000 2.00000 1.00501 -0.02002 -0.99499 -2.00125 -3.00000 -4.00000
0.00371
java Neural 600 0.1 0.2 0.3 0.4 0.5 0.6 0.7 0.8 0.9 0.1
0.98000 0.87000 1.00000
0.10049 0.20048 0.30043 0.40055 0.50054 0.60048 0.70062 0.80034 0.90087
7.18915
0.92000 0.88000 0.00000
0.09486 0.19530 0.29548 0.39422 0.49471 0.59491 0.69358 0.79648 0.89110
7.12401
0.90000 0.90000 1.00000
0.09542 0.19580 0.29597 0.39484 0.49527 0.59547 0.69428 0.79685 0.89206
7.13046
0.95000 0.58000 0.00000
0.08868 0.18940 0.29207 0.38730 0.48811 0.59109 0.68583 0.79302 0.88182
7.05724
0.98000 0.73000 1.00000
0.08937 0.19008 0.29257 0.38807 0.48886 0.59165 0.68670 0.79345 0.88295
7.06519
0.46000 0.49000 0.00000
0.08079 0.18613 0.28837 0.37851 0.48447 0.58697 0.67588 0.78998 0.87318
6.98793
0.97000 1.00000 1.00000
0.08132 0.18665 0.28890 0.37910 0.48504 0.58756 0.67656 0.79036 0.87415
6.99461
0.97000 0.95000 1.00000
0.08189 0.18720 0.28944 0.37973 0.48565 0.58816 0.67727 0.79074 0.87516
7.00158
0.90000 0.85000 0.00000
0.07560 0.18153 0.28409 0.37276 0.47938 0.58224 0.66931 0.78679 0.86468
6.92691
0.62000 0.50000 0.00000
0.06719 0.17632 0.27988 0.36352 0.47365 0.57762 0.65863 0.78326 0.85441
6.84406
0.98000 1.00000 1.00000
0.06781 0.17694 0.28051 0.36421 0.47432 0.57830 0.65942 0.78368 0.85553
6.85211
0.77000 0.70000 0.00000
0.06030 0.17115 0.27525 0.35601 0.46800 0.57256 0.64984 0.77984 0.84466
6.76805
0.94000 0.83000 1.00000
0.06117 0.17196 0.27597 0.35694 0.46888 0.57333 0.65095 0.78034 0.84607
6.77865
0.95000 1.00000 1.00000
0.06186 0.17262 0.27666 0.35769 0.46960 0.57409 0.65184 0.78078 0.84729
6.78756
0.84000 0.55000 0.00000
0.05388 0.16592 0.27227 0.34903 0.46232 0.56932 0.64161 0.77711 0.83637
6.69938
0.79000 0.86000 1.00000
0.05489 0.16672 0.27314 0.35012 0.46318 0.57026 0.64292 0.77766 0.83794
6.71148
0.91000 0.46000 0.00000
0.04662 0.15919 0.26934 0.34121 0.45507 0.56616 0.63228 0.77412 0.82694
6.61958
0.97000 0.92000 1.00000
0.04750 0.16004 0.27015 0.34215 0.45598 0.56702 0.63341 0.77463 0.82843
6.63095
0.91000 0.68000 0.00000
0.03974 0.15298 0.26487 0.33385 0.44843 0.56138 0.62340 0.77086 0.81698
6.53821
1.00000 0.90000 1.00000
0.04069 0.15394 0.26573 0.33486 0.44944 0.56229 0.62464 0.77139 0.81858
6.55064
0.77000 0.64000 0.00000
0.03232 0.14749 0.26037 0.32597 0.44260 0.55660 0.61378 0.76782 0.80727
6.45521
0.97000 0.92000 1.00000
0.03335 0.14849 0.26132 0.32706 0.44365 0.55760 0.61512 0.76837 0.80898
6.46873
0.77000 0.95000 1.00000
0.03450 0.14937 0.26241 0.32827 0.44459 0.55875 0.61662 0.76897 0.81077
6.48306
0.97000 0.78000 0.00000
0.02684 0.14195 0.25644 0.32020 0.43675 0.55246 0.60666 0.76514 0.79887
6.38602
0.70000 0.52000 0.00000
0.01766 0.13552 0.25167 0.31061 0.43004 0.54747 0.59466 0.76203 0.78791
6.28633
1.00000 0.85000 1.00000
0.01893 0.13679 0.25274 0.31192 0.43135 0.54858 0.59632 0.76264 0.78991
6.30289
0.80000 0.61000 0.00000
0.01004 0.12967 0.24732 0.30271 0.42399 0.54297 0.58467 0.75934 0.77835
6.19987
1.00000 0.95000 1.00000
0.01127 0.13091 0.24849 0.30398 0.42525 0.54417 0.58630 0.75996 0.78038
6.21654
0.96000 0.85000 1.00000
0.01266 0.13224 0.24967 0.30540 0.42662 0.54538 0.58811 0.76059 0.78251
6.23445
0.93000 0.82000 1.00000
0.01408 0.13356 0.25084 0.30687 0.42798 0.54658 0.58999 0.76123 0.78467
6.25266
0.97000 0.92000 1.00000
0.01533 0.13477 0.25198 0.30815 0.42922 0.54776 0.59162 0.76184 0.78667
6.26909
0.97000 0.85000 1.00000
0.01664 0.13604 0.25310 0.30950 0.43054 0.54891 0.59334 0.76246 0.78872
6.28611
0.83000 0.28000 0.00000
0.00690 0.12796 0.25037 0.29943 0.42218 0.54609 0.58058 0.75990 0.77824
6.18312
0.90000 0.73000 1.00000
0.00856 0.12945 0.25158 0.30113 0.42370 0.54733 0.58275 0.76056 0.78059
6.20354
1.00000 0.67000 0.00000
0.00001 0.12091 0.24585 0.29236 0.41493 0.54145 0.57152 0.75712 0.76833
6.09604
0.93000 0.63000 0.00000
-0.00898 0.11255 0.24019 0.28323 0.40645 0.53570 0.55965 0.75394 0.75622
5.98632
0.86000 0.72000 0.00000
-0.01806 0.10473 0.23365 0.27412 0.39862 0.52915 0.54760 0.75080 0.74395
5.87505
0.52000 0.50000 0.00000
-0.02827 0.09943 0.22855 0.26401 0.39336 0.52409 0.53400 0.74872 0.73381
5.77029
0.78000 0.48000 0.00000
-0.03832 0.09159 0.22372 0.25416 0.38567 0.51936 0.52058 0.74658 0.72277
5.65861
0.33000 0.45000 0.00000
-0.04898 0.08807 0.21892 0.24384 0.38227 0.51472 0.50630 0.74526 0.71399
5.55877
0.94000 0.70000 1.00000
-0.04641 0.09048 0.22072 0.24630 0.38458 0.51644 0.50974 0.74591 0.71731
5.59030
0.87000 0.45000 0.00000
-0.05664 0.08158 0.21612 0.23647 0.37602 0.51201 0.49604 0.74410 0.70616
5.47523
0.97000 0.95000 1.00000
-0.05441 0.08375 0.21824 0.23858 0.37807 0.51402 0.49903 0.74478 0.70941
5.50448
1.00000 0.85000 0.00000
-0.06387 0.07429 0.21020 0.22957 0.36907 0.50636 0.48633 0.74206 0.69604
5.38228
0.83000 0.34000 0.00000
-0.07447 0.06549 0.20659 0.21963 0.36081 0.50298 0.47205 0.74107 0.68592
5.26997
0.77000 0.61000 0.00000
-0.08488 0.05747 0.20024 0.20999 0.35339 0.49710 0.45799 0.73963 0.67461
5.15419
0.92000 0.80000 0.00000
-0.09505 0.04812 0.19210 0.20071 0.34486 0.48968 0.44424 0.73787 0.66179
5.03203
0.90000 1.00000 1.00000
-0.09205 0.05081 0.19510 0.20340 0.34728 0.49237 0.44831 0.73844 0.66586
5.06920
1.00000 0.50000 0.00000
-0.10262 0.04024 0.18982 0.19387 0.33774 0.48761 0.43399 0.73764 0.65445
4.95179
0.95000 0.54000 0.00000
-0.11328 0.03012 0.18406 0.18441 0.32876 0.48250 0.41954 0.73709 0.64321
4.83707
0.98000 0.95000 1.00000
-0.10987 0.03347 0.18731 0.18740 0.33168 0.48533 0.42418 0.73751 0.64768
4.87728
1.00000 0.76000 1.00000
-0.10618 0.03715 0.19011 0.19063 0.33492 0.48779 0.42917 0.73784 0.65212
4.91971
0.73000 0.61000 0.00000
-0.11691 0.02932 0.18356 0.18115 0.32799 0.48201 0.41463 0.73730 0.64146
4.81036
0.67000 0.65000 0.00000
-0.12770 0.02209 0.17655 0.17176 0.32171 0.47590 0.40000 0.73698 0.63101
4.71063
0.49000 0.23000 0.00000
-0.12770 0.02209 0.17655 0.16241 0.31713 0.47376 0.38519 0.73698 0.62451
4.64685
1.00000 0.78000 0.00000
-0.13841 0.01138 0.16820 0.15334 0.30805 0.46668 0.37066 0.73651 0.61218
4.56271
0.63000 0.73000 0.00000
-0.13841 0.01138 0.16820 0.14430 0.30236 0.46008 0.35589 0.73651 0.60202
4.49150
0.44000 0.59000 0.00000
-0.13841 0.01138 0.16820 0.13538 0.29843 0.45482 0.34108 0.73651 0.59389
4.42723
0.85000 0.70000 0.00000
-0.13841 0.01138 0.16820 0.12660 0.29097 0.44867 0.32628 0.73651 0.58342
4.35677
0.83000 0.52000 0.00000
-0.13841 0.01138 0.16820 0.11796 0.28379 0.44417 0.31147 0.73651 0.57451
4.29132
0.45000 0.69000 0.00000
-0.13841 0.01138 0.16820 0.10946 0.27997 0.43831 0.29668 0.73651 0.56635
4.23053
0.82000 0.62000 0.00000
-0.13841 0.01138 0.16820 0.10107 0.27309 0.43311 0.28188 0.73651 0.55730
4.16746
0.88000 0.72000 0.00000
-0.13841 0.01138 0.16820 0.09282 0.26583 0.42717 0.26707 0.73651 0.54763
4.10429
0.97000 0.65000 0.00000
-0.13841 0.01138 0.16820 0.08473 0.25798 0.42191 0.25229 0.73651 0.53835
4.04309
0.73000 0.42000 0.00000
-0.13841 0.01138 0.16820 0.07686 0.25224 0.41860 0.23767 0.73651 0.53176
3.98973
0.81000 0.75000 0.00000
-0.13841 0.01138 0.16820 0.06903 0.24590 0.41273 0.22295 0.73651 0.52301
3.93300
0.94000 0.69000 0.00000
-0.13841 0.01138 0.16820 0.06135 0.23868 0.40744 0.20827 0.73651 0.51442
3.87761
java Neural 700 0.1 0.2 0.3 0.4 0.5 0.6 0.7 0.8 0.9 0.1 3
-0.13841 0.01138 0.16820 0.06135 0.23868 0.40744 0.20827 0.73651 0.51442
3.87761
-0.15422 0.01050 0.18620 -0.10760 0.12065 0.33611 -0.14930 0.73903 0.41698
2.99174
-0.18275 0.01188 0.22380 -0.19706 0.06861 0.31792 -0.35328 0.74892 0.41936
2.71163
java Neural 800 0.1 0.2 0.3 0.4 0.5 0.6 0.7 0.8 0.9 0.1 10000
788
-3.51459 1.20379 4.45346 -2.72310 0.93258 3.44859 -3.99435 2.11219 1.63381
0.87178
0.96000
java Neural 800 -0.8 0.5 0 -1 0 -0.7 -0.7 0.9 0.1 0.1 10000
2
-0.80000 0.50000 0.00000 -1.00000 0.00000 -0.70000 -0.65318 0.90000 0.10000
2.56847
0.72000
